1.96
1.95
1.95
1.92
1.89
1.87
1.86
1.85
1.84
1.84
1.85
1.86
1.87
1.88
1.89
1.90
1.90
1.90
1.89
1.88
1.87
1.85
1.85
1.84
1.84
1.84
1.86
1.89
1.89
1.91
1.92
1.92
1.91
1.91
1.89
1.89
1.85
1.83
1.81
1.79
1.78
1.78
1.80
1.80
1.81
1.82
1.83
1.84
1.87
1.85
1.84
1.83
1.82
1.81
1.79
1.80
1.78
1.77
1.78
1.79
1.80
1.81
1.83
1.83
1.86
1.82
1.83
1.79
1.77
1.77
1.72
1.70
1.68
1.67
1.66
1.66
1.67
1.68
1.69
1.70
1.70
1.70
1.70
1.69
1.68
1.66
1.64
1.63
1.63
1.62
1.62
1.63
1.64
1.65
1.66
1.68
1.67
1.67
1.66
1.64
1.63
1.60
1.57
1.55
1.54
1.53
1.52
1.52
1.52
1.53
1.54
1.55
1.57
1.57
1.58
1.60
1.57
1.56
1.55
1.54
1.53
1.53
1.54
1.53
1.54
1.56
1.58
1.58
1.59
1.59
1.58
1.58
1.56
1.58
1.52
1.51
1.49
1.48
1.47
1.47
1.47
1.48
1.50
1.52
1.53
1.54
1.55
1.56
1.57
1.56
1.56
1.55
1.54
1.54
1.54
1.55
1.56
1.58
1.59
1.62
1.62
1.63
1.63
1.63
1.62
1.61
1.59
1.57
1.55
1.54
1.52
1.51
1.51
1.51
1.53
1.53
1.55
1.56
1.57
1.58
1.58
1.58
1.58
1.57
1.59
1.55
1.55
1.55
1.56
1.57
1.58
1.60
1.61
1.62
1.63
1.63
1.63
1.62
1.61
1.59
1.57
1.55
1.54
1.52
1.52
1.52
1.52
1.54
1.56
1.57
1.58
1.60
1.60
1.60
1.60
1.59
1.58
1.58
1.57
1.57
1.58
1.59
1.60
1.62
1.64
1.65
1.66
1.66
1.67
1.66
1.65
1.65
1.62
1.60
1.59
1.58
1.57
1.57
1.58
1.59
1.60
1.62
1.63
1.65
1.67
1.66
1.68
1.66
1.65
1.64
1.63
1.63
1.63
1.64
1.64
1.66
1.68
1.69
1.70
1.71
1.72
1.71
1.71
1.69
1.70
1.66
1.64
1.62
1.61
1.60
1.59
1.60
1.61
1.62
1.64
1.66
1.65
1.66
1.67
1.67
1.66
1.65
1.68
1.63
1.63
1.63
1.64
1.65
1.68
1.69
1.70
1.72
1.73
1.73
1.73
1.73
1.71
1.69
1.67
1.65
1.64
1.63
1.63
1.63
1.65
1.66
1.70
1.69
1.70
1.71
1.71
1.72
1.71
1.71
1.69
1.68
1.68
1.68
1.68
1.69
1.70
1.74
1.73
1.76
1.75
1.75
1.75
1.74
1.74
1.72
1.70
1.67
1.65
1.64
1.66
1.62
1.63
1.64
1.65
1.67
1.68
1.70
1.71
1.71
1.71
1.72
1.70
1.69
1.72
1.68
1.68
1.69
1.70
1.71
1.73
1.74
1.76
1.77
1.78
1.77
1.77
1.76
1.74
1.73
1.71
1.69
1.68
1.68
1.68
1.68
1.70
1.71
1.73
1.74
1.75
1.75
1.76
1.75
1.75
1.74
1.73
1.72
1.72
1.72
1.73
1.74
1.75
1.81
1.79
1.81
1.81
1.82
1.82
1.81
1.80
1.78
1.76
1.74
1.73
1.73
1.72
1.72
1.72
1.73
1.75
1.76
1.77
1.77
1.80
1.78
1.77
1.75
1.75
1.74
1.73
1.74
1.74
1.74
1.76
1.78
1.79
1.81
1.82
1.83
1.82
1.82
1.81
1.79
1.78
1.75
1.73
1.71
1.70
1.71
1.70
1.70
1.71
1.73
1.74
1.74
1.75
1.75
1.75
1.74
1.74
1.73
1.72
1.71
1.71
1.71
1.72
1.73
1.75
1.76
1.78
1.79
1.79
1.79
1.78
1.77
1.76
1.74
1.73
1.70
1.69
1.69
1.68
1.68
1.70
1.71
1.72
1.74
1.74
1.75
1.75
1.74
1.74
1.73
1.72
1.73
1.73
1.71
1.72
1.75
1.74
1.76
1.77
1.79
1.80
1.80
1.81
1.79
1.78
1.77
1.74
1.73
1.72
1.71
1.70
1.71
1.71
1.74
1.74
1.75
1.77
1.77
1.78
1.78
1.77
1.77
1.76
1.75
1.74
1.74
1.75
1.76
1.77
1.79
1.81
1.82
1.84
1.84
1.84
1.84
1.83
1.80
1.79
1.76
1.74
1.73
1.72
1.71
1.72
1.73
1.74
1.75
1.77
1.78
1.79
1.79
1.79
1.78
1.79
1.76
1.75
1.74
1.74
1.74
1.74
1.75
1.75
1.76
1.77
1.78
1.78
1.77
1.76
1.74
1.73
1.71
1.68
1.66
1.65
1.65
1.66
1.65
1.66
1.68
1.70
1.72
1.73
1.74
1.74
1.74
1.74
1.73
1.72
1.71
1.71
1.71
1.75
1.73
1.76
1.77
1.78
1.80
1.80
1.81
1.80
1.79
1.78
1.76
1.74
1.72
1.70
1.69
1.68
1.68
1.68
1.71
1.71
1.72
1.73
1.74
1.75
1.74
1.75
1.74
1.74
1.72
1.71
1.71
1.72
1.73
1.74
1.75
1.77
1.78
1.81
1.80
1.80
1.79
1.78
1.76
1.75
1.72
1.71
1.69
1.69
1.68
1.69
1.68
1.70
1.71
1.72
1.74
1.74
1.75
1.74
1.74
1.74
1.72
1.71
1.71
1.70
1.70
1.70
1.71
1.73
1.75
1.74
1.75
1.75
1.74
1.74
1.72
1.71
1.69
1.66
1.64
1.64
1.62
1.62
1.63
1.64
1.66
1.68
1.70
1.71
1.72
1.73
1.74
1.73
1.72
1.71
1.71
1.71
1.71
1.72
1.73
1.74
1.77
1.77
1.79
1.80
1.80
1.80
1.79
1.79
1.76
1.75
1.72
1.71
1.70
1.69
1.69
1.70
1.71
1.73
1.74
1.76
1.77
1.77
1.78
1.78
1.77
1.76
1.75
1.74
1.74
1.74
1.75
1.76
1.78
1.80
1.82
1.84
1.84
1.84
1.84
1.83
1.82
1.80
1.78
1.76
1.75
1.74
1.77
1.74
1.75
1.76
1.78
1.79
1.81
1.81
1.82
1.81
1.81
1.81
1.79
1.78
1.77
1.76
1.76
1.76
1.77
1.78
1.79
1.80
1.80
1.81
1.80
1.79
1.77
1.75
1.73
1.71
1.69
1.69
1.66
1.65
1.66
1.66
1.68
1.69
1.70
1.71
1.72
1.72
1.72
1.71
1.70
1.69
1.69
1.68
1.68
1.69
1.70
1.72
1.74
1.77
1.77
1.78
1.79
1.79
1.81
1.78
1.76
1.74
1.72
1.71
1.70
1.69
1.69
1.70
1.71
1.73
1.74
1.75
1.77
1.77
1.78
1.77
1.77
1.76
1.74
1.74
1.74
1.74
1.75
1.76
1.78
1.79
1.82
1.84
1.84
1.85
1.84
1.83
1.83
1.80
1.78
1.76
1.74
1.74
1.73
1.74
1.75
1.76
1.77
1.79
1.81
1.84
1.81
1.81
1.81
1.80
1.79
1.78
1.77
1.77
1.77
1.78
1.78
1.80
1.82
1.83
1.84
1.84
1.84
1.83
1.82
1.80
1.78
1.75
1.74
1.72
1.71
1.71
1.71
1.72
1.74
1.75
1.76
1.78
1.80
1.79
1.78
1.78
1.77
1.75
1.74
1.74
1.74
1.74
1.74
1.75
1.76
1.78
1.79
1.80
1.80
1.80
1.79
1.80
1.75
1.76
1.71
1.69
1.68
1.67
1.69
1.68
1.69
1.72
1.72
1.74
1.75
1.75
1.75
1.76
1.75
1.74
1.73
1.72
1.72
1.72
1.72
1.74
1.74
1.75
1.76
1.78
1.78
1.78
1.77
1.76
1.75
1.73
1.71
1.68
1.67
1.66
1.66
1.66
1.67
1.68
1.70
1.72
1.73
1.74
1.74
1.74
1.74
1.74
1.72
1.72
1.72
1.71
1.72
1.72
1.73
1.75
1.77
1.78
1.80
1.80
1.80
1.79
1.78
1.77
1.74
1.72
1.70
1.69
1.68
1.68
1.68
1.73
1.71
1.72
1.74
1.76
1.76
1.76
1.76
1.76
1.74
1.74
1.73
1.72
1.72
1.73
1.72
1.74
1.74
1.76
1.77
1.78
1.78
1.78
1.77
1.75
1.74
1.72
1.70
1.68
1.67
1.66
1.66
1.67
1.68
1.69
1.71
1.72
1.73
1.74
1.75
1.74
1.73
1.74
1.71
1.70
1.70
1.70
1.71
1.71
1.73
1.74
1.75
1.76
1.77
1.77
1.76
1.75
1.74
1.72
1.71
1.68
1.66
1.66
1.65
1.65
1.66
1.68
1.69
1.71
1.72
1.73
1.73
1.73
1.73
1.73
1.71
1.69
1.69
1.69
1.69
1.69
1.71
1.73
1.74
1.76
1.77
1.77
1.77
1.77
1.76
1.74
1.72
1.70
1.68
1.67
1.66
1.65
1.65
1.66
1.69
1.70
1.72
1.73
1.74
1.74
1.74
1.74
1.73
1.72
1.72
1.71
1.71
1.72
1.73
1.74
1.75
1.77
1.80
1.78
1.78
1.78
1.77
1.75
1.74
1.71
1.69
1.67
1.66
1.69
1.66
1.66
1.68
1.70
1.72
1.73
1.75
1.75
1.76
1.75
1.77
1.75
1.74
1.74
1.73
1.74
1.74
1.74
1.76
1.78
1.79
1.80
1.80
1.80
1.80
1.79
1.77
1.75
1.73
1.71
1.69
1.68
1.68
1.68
1.69
1.71
1.72
1.73
1.74
1.75
1.76
1.76
1.76
1.75
1.74
1.73
1.72
1.72
1.73
1.74
1.74
1.76
1.78
1.81
1.82
1.86
1.83
1.82
1.82
1.80
1.77
1.76
1.74
1.72
1.72
1.71
1.71
1.72
1.73
1.74
1.75
1.76
1.76
1.76
1.76
1.76
1.75
1.74
1.72
1.72
1.71
1.72
1.72
1.74
1.74
1.76
1.77
1.78
1.78
1.78
1.78
1.76
1.74
1.73
1.70
1.69
1.67
1.68
1.66
1.67
1.68
1.69
1.72
1.71
1.72
1.74
1.73
1.72
1.71
1.70
1.69
1.67
1.67
1.69
1.67
1.68
1.69
1.70
1.72
1.73
1.73
1.73
1.72
1.72
1.70
1.68
1.66
1.64
1.62
1.61
1.60
1.60
1.60
1.61
1.65
1.64
1.65
1.66
1.66
1.66
1.66
1.65
1.64
1.63
1.63
1.63
1.64
1.64
1.67
1.68
1.69
1.71
1.72
1.73
1.73
1.73
1.71
1.70
1.69
1.66
1.64
1.63
1.63
1.62
1.62
1.64
1.65
1.67
1.69
1.70
1.71
1.72
1.72
1.72
1.71
1.70
1.69
1.68
1.68
1.69
1.70
1.71
1.72
1.74
1.75
1.76
1.76
1.76
1.75
1.74
1.72
1.70
1.68
1.66
1.65
1.64
1.64
1.65
1.70
1.68
1.72
1.72
1.73
1.74
1.75
1.78
1.75
1.74
1.74
1.74
1.73
1.73
1.74
1.77
1.76
1.78
1.79
1.80
1.82
1.82
1.81
1.81
1.79
1.77
1.75
1.73
1.72
1.71
1.70
1.70
1.74
1.73
1.74
1.76
1.77
1.78
1.79
1.79
1.79
1.79
1.78
1.76
1.76
1.75
1.76
1.76
1.77
1.79
1.81
1.83
1.85
1.85
1.85
1.84
1.83
1.82
1.80
1.77
1.75
1.75
1.73
1.72
1.72
1.73
1.74
1.75
1.77
1.78
1.79
1.79
1.82
1.78
1.78
1.76
1.75
1.74
1.74
1.74
1.75
1.75
1.77
1.79
1.80
1.82
1.82
1.81
1.82
1.79
1.77
1.76
1.73
1.71
1.70
1.69
1.68
1.68
1.69
1.70
1.72
1.73
1.74
1.74
1.74
1.74
1.73
1.72
1.72
1.70
1.70
1.69
1.70
1.71
1.72
1.74
1.75
1.77
1.78
1.78
1.78
1.77
1.76
1.74
1.73
1.71
1.69
1.68
1.67
1.68
1.68
1.70
1.71
1.72
1.74
1.75
1.75
1.79
1.75
1.74
1.74
1.73
1.72
1.72
1.73
1.72
1.73
1.74
1.75
1.76
1.77
1.78
1.77
1.77
1.75
1.74
1.72
1.69
1.67
1.65
1.64
1.64
1.64
1.64
1.66
1.67
1.70
1.70
1.71
1.72
1.72
1.71
1.71
1.70
1.69
1.68
1.68
1.70
1.69
1.70
1.72
1.73
1.74
1.75
1.76
1.76
1.75
1.77
1.73
1.70
1.68
1.67
1.65
1.65
1.64
1.65
1.67
1.68
1.70
1.72
1.73
1.74
1.74
1.74
1.74
1.74
1.72
1.71
1.72
1.71
1.71
1.72
1.74
1.75
1.77
1.78
1.80
1.79
1.78
1.78
1.76
1.74
1.73
1.71
1.69
1.68
1.67
1.67
1.70
1.69
1.71
1.73
1.74
1.75
1.76
1.76
1.76
1.76
1.75
1.74
1.73
1.73
1.73
1.73
1.73
1.74
1.76
1.77
1.78
1.78
1.78
1.77
1.76
1.74
1.73
1.70
1.68
1.66
1.65
1.65
1.64
1.65
1.66
1.67
1.68
1.69
1.70
1.70
1.70
1.69
1.69
1.67
1.67
1.65
1.66
1.65
1.66
1.67
1.68
1.70
1.71
1.72
1.72
1.74
1.72
1.70
1.69
1.67
1.64
1.62
1.61
1.61
1.60
1.61
1.62
1.64
1.66
1.67
1.69
1.71
1.72
1.73
1.74
1.74
1.74
1.75
1.76
1.78
1.81
1.84
1.87
1.91
1.95
1.99
2.03
2.06
2.09
2.12
2.14
2.16
2.17
2.19
2.20
2.22
2.24
2.27
2.30
2.34
2.38
2.41
2.48
2.47
2.49
2.53
2.52
2.52
2.51
2.50
2.49
2.51
2.48
2.48
2.47
2.47
2.47
2.47
2.45
2.43
2.40
2.37
2.33
2.28
2.22
2.17
2.11
2.05
2.00
1.95
1.91
1.86
1.83
1.79
1.76
1.73
1.69
1.65
1.61
1.57
1.52
1.48
1.44
1.40
1.40
1.35
1.33
1.33
1.32
1.32
1.33
1.32
1.31
1.30
1.29
1.27
1.26
1.24
1.22
1.20
1.19
1.19
1.19
1.20
1.21
1.23
1.25
1.27
1.29
1.30
1.32
1.33
1.33
1.33
1.33
1.34
1.34
1.35
1.37
1.39
1.41
1.43
1.46
1.49
1.50
1.52
1.53
1.53
1.53
1.52
1.52
1.51
1.51
1.50
1.51
1.52
1.54
1.58
1.59
1.62
1.64
1.68
1.68
1.69
1.69
1.70
1.69
1.69
1.69
1.69
1.71
1.70
1.72
1.74
1.75
1.77
1.79
1.80
1.80
1.81
1.80
1.78
1.77
1.75
1.73
1.72
1.71
1.70
1.70
1.71
1.72
1.74
1.76
1.77
1.78
1.78
1.79
1.78
1.78
1.78
1.76
1.75
1.75
1.76
1.77
1.78
1.80
1.81
1.83
1.84
1.87
1.85
1.84
1.83
1.81
1.79
1.77
1.75
1.75
1.74
1.73
1.73
1.74
1.75
1.77
1.78
1.79
1.80
1.80
1.80
1.80
1.79
1.77
1.76
1.76
1.75
1.76
1.76
1.78
1.78
1.80
1.81
1.82
1.82
1.82
1.80
1.79
1.77
1.75
1.73
1.71
1.73
1.70
1.69
1.70
1.71
1.73
1.74
1.75
1.76
1.76
1.76
1.77
1.76
1.75
1.75
1.74
1.73
1.74
1.74
1.75
1.77
1.79
1.81
1.85
1.84
1.84
1.85
1.84
1.83
1.81
1.79
1.77
1.75
1.75
1.74
1.74
1.74
1.75
1.76
1.78
1.79
1.80
1.80
1.80
1.79
1.79
1.77
1.76
1.75
1.75
1.75
1.75
1.77
1.78
1.80
1.82
1.83
1.83
1.83
1.83
1.82
1.80
1.78
1.76
1.74
1.73
1.72
1.72
1.72
1.74
1.75
1.77
1.78
1.80
1.81
1.82
1.83
1.82
1.82
1.80
1.79
1.79
1.79
1.79
1.80
1.81
1.82
1.84
1.85
1.85
1.86
1.85
1.84
1.83
1.81
1.78
1.76
1.74
1.74
1.72
1.72
1.72
1.75
1.75
1.76
1.77
1.78
1.79
1.79
1.79
1.78
1.77
1.76
1.75
1.75
1.75
1.76
1.78
1.80
1.82
1.84
1.86
1.87
1.88
1.89
1.88
1.88
1.85
1.83
1.81
1.79
1.78
1.78
1.79
1.80
1.82
1.84
1.86
1.87
1.89
1.89
1.90
1.90
1.90
1.88
1.86
1.86
1.85
1.85
1.85
1.86
1.87
1.89
1.89
1.90
1.90
1.89
1.89
1.87
1.85
1.82
1.80
1.77
1.75
1.76
1.73
1.73
1.73
1.74
1.74
1.76
1.76
1.77
1.77
1.77
1.76
1.75
1.74
1.73
1.73
1.73
1.73
1.73
1.74
1.76
1.78
1.79
1.80
1.80
1.81
1.84
1.79
1.78
1.76
1.74
1.73
1.72
1.71
1.71
1.72
1.73
1.74
1.75
1.77
1.78
1.80
1.79
1.79
1.77
1.78
1.76
1.75
1.75
1.75
1.77
1.77
1.78
1.80
1.82
1.84
1.85
1.85
1.85
1.85
1.84
1.82
1.80
1.78
1.76
1.75
1.75
1.74
1.75
1.76
1.78
1.80
1.82
1.83
1.84
1.84
1.84
1.84
1.83
1.83
1.81
1.81
1.82
1.82
1.83
1.85
1.86
1.88
1.89
1.90
1.90
1.90
1.90
1.87
1.85
1.83
1.81
1.80
1.80
1.79
1.80
1.81
1.83
1.85
1.87
1.89
1.90
1.91
1.92
1.92
1.91
1.91
1.90
1.89
1.89
1.90
1.90
1.91
1.93
1.94
1.96
1.97
1.96
1.96
1.96
1.95
1.93
1.90
1.88
1.86
1.85
1.85
1.85
1.85
1.87
1.89
1.91
1.93
1.94
1.96
1.96
1.97
1.96
1.96
1.95
1.94
1.94
1.94
1.94
1.97
1.96
1.98
1.99
2.02
2.01
2.01
2.01
2.00
1.99
1.96
1.95
1.92
1.91
1.89
1.88
1.88
1.88
1.89
1.90
1.92
1.93
1.95
1.93
1.94
1.94
1.93
1.92
1.92
1.89
1.88
1.88
1.88
1.90
1.90
1.91
1.93
1.93
1.93
1.93
1.92
1.90
1.88
1.86
1.83
1.80
1.79
1.77
1.77
1.76
1.77
1.78
1.79
1.81
1.81
1.82
1.82
1.82
1.81
1.80
1.78
1.77
1.76
1.76
1.75
1.75
1.76
1.78
1.78
1.79
1.80
1.80
1.79
1.78
1.77
1.74
1.72
1.70
1.67
1.66
1.64
1.63
1.63
1.64
1.65
1.66
1.68
1.68
1.69
1.69
1.69
1.68
1.67
1.65
1.64
1.64
1.63
1.63
1.63
1.64
1.64
1.67
1.65
1.65
1.65
1.65
1.63
1.61
1.60
1.57
1.56
1.52
1.51
1.51
1.50
1.50
1.51
1.52
1.53
1.54
1.55
1.56
1.56
1.56
1.55
1.57
1.53
1.52
1.52
1.52
1.53
1.55
1.55
1.57
1.59
1.60
1.62
1.62
1.62
1.62
1.60
1.58
1.56
1.54
1.52
1.52
1.52
1.52
1.52
1.53
1.56
1.56
1.57
1.58
1.59
1.59
1.59
1.58
1.57
1.56
1.56
1.55
1.56
1.56
1.57
1.58
1.61
1.62
1.63
1.64
1.64
1.66
1.63
1.61
1.59
1.58
1.56
1.55
1.56
1.54
1.55
1.56
1.58
1.63
1.61
1.63
1.64
1.65
1.65
1.65
1.64
1.63
1.63
1.62
1.62
1.65
1.64
1.66
1.68
1.70
1.72
1.73
1.74
1.74
1.73
1.72
1.71
1.69
1.66
1.66
1.64
1.63
1.63
1.67
1.64
1.65
1.67
1.68
1.69
1.70
1.70
1.69
1.69
1.68
1.66
1.65
1.65
1.65
1.65
1.66
1.68
1.73
1.71
1.72
1.73
1.73
1.73
1.72
1.71
1.69
1.67
1.65
1.63
1.62
1.62
1.62
1.63
1.64
1.67
1.68
1.70
1.71
1.72
1.73
1.73
1.72
1.71
1.71
1.70
1.70
1.71
1.73
1.73
1.74
1.77
1.78
1.83
1.80
1.81
1.80
1.80
1.79
1.77
1.75
1.74
1.72
1.72
1.71
1.71
1.72
1.73
1.74
1.76
1.76
1.78
1.77
1.77
1.79
1.75
1.74
1.73
1.72
1.72
1.72
1.72
1.73
1.74
1.75
1.79
1.76
1.76
1.75
1.74
1.73
1.71
1.69
1.66
1.65
1.63
1.62
1.62
1.62
1.66
1.65
1.66
1.69
1.69
1.70
1.70
1.71
1.70
1.69
1.69
1.68
1.68
1.68
1.69
1.70
1.72
1.74
1.76
1.78
1.80
1.80
1.80
1.80
1.79
1.77
1.75
1.75
1.72
1.71
1.71
1.71
1.72
1.73
1.75
1.76
1.78
1.79
1.80
1.81
1.80
1.80
1.80
1.78
1.77
1.77
1.77
1.78
1.79
1.81
1.85
1.85
1.86
1.87
1.87
1.87
1.86
1.84
1.82
1.80
1.78
1.76
1.75
1.74
1.73
1.74
1.74
1.74
1.74
1.74
1.74
1.74
1.73
1.73
1.72
1.70
1.69
1.69
1.72
1.70
1.71
1.73
1.74
1.76
1.78
1.79
1.81
1.80
1.80
1.80
1.78
1.77
1.75
1.74
1.73
1.72
1.72
1.73
1.74
1.75
1.77
1.78
1.80
1.80
1.80
1.80
1.80
1.79
1.78
1.77
1.76
1.78
1.77
1.77
1.81
1.80
1.81
1.85
1.83
1.83
1.83
1.82
1.81
1.79
1.77
1.77
1.73
1.72
1.73
1.72
1.73
1.74
1.76
1.78
1.79
1.80
1.81
1.81
1.81
1.82
1.80
1.79
1.79
1.78
1.78
1.78
1.79
1.82
1.82
1.84
1.85
1.86
1.88
1.85
1.85
1.83
1.80
1.78
1.76
1.75
1.74
1.74
1.74
1.74
1.75
1.77
1.78
1.79
1.80
1.81
1.81
1.80
1.79
1.78
1.77
1.76
1.76
1.76
1.78
1.78
1.80
1.81
1.83
1.84
1.85
1.84
1.84
1.82
1.81
1.79
1.76
1.75
1.74
1.73
1.73
1.74
1.74
1.77
1.77
1.78
1.78
1.80
1.80
1.80
1.79
1.78
1.78
1.76
1.75
1.76
1.75
1.76
1.77
1.79
1.80
1.81
1.82
1.82
1.82
1.81
1.79
1.78
1.75
1.73
1.71
1.70
1.69
1.69
1.70
1.70
1.75
1.73
1.74
1.75
1.75
1.75
1.75
1.75
1.74
1.74
1.72
1.71
1.74
1.72
1.73
1.75
1.75
1.78
1.79
1.79
1.82
1.80
1.79
1.80
1.75
1.74
1.72
1.70
1.69
1.69
1.69
1.70
1.71
1.73
1.74
1.75
1.76
1.77
1.79
1.77
1.76
1.74
1.74
1.73
1.73
1.74
1.74
1.77
1.77
1.78
1.80
1.80
1.81
1.80
1.80
1.78
1.77
1.75
1.72
1.72
1.69
1.68
1.68
1.68
1.69
1.70
1.72
1.73
1.74
1.74
1.75
1.74
1.74
1.74
1.73
1.72
1.72
1.71
1.72
1.73
1.74
1.76
1.79
1.80
1.81
1.82
1.82
1.82
1.81
1.79
1.77
1.74
1.73
1.71
1.70
1.69
1.73
1.70
1.71
1.72
1.73
1.74
1.74
1.74
1.74
1.73
1.72
1.71
1.70
1.69
1.69
1.69
1.71
1.71
1.73
1.74
1.75
1.76
1.77
1.77
1.76
1.75
1.73
1.72
1.69
1.68
1.68
1.66
1.66
1.69
1.68
1.70
1.72
1.74
1.74
1.74
1.74
1.74
1.73
1.73
1.72
1.71
1.71
1.71
1.72
1.73
1.77
1.76
1.78
1.78
1.79
1.79
1.78
1.77
1.75
1.73
1.71
1.70
1.68
1.67
1.66
1.66
1.67
1.69
1.70
1.73
1.72
1.73
1.73
1.73
1.73
1.72
1.70
1.69
1.69
1.69
1.69
1.72
1.72
1.74
1.75
1.76
1.78
1.79
1.79
1.79
1.78
1.77
1.74
1.72
1.71
1.69
1.69
1.69
1.70
1.70
1.72
1.73
1.74
1.75
1.76
1.76
1.76
1.75
1.74
1.73
1.72
1.73
1.72
1.72
1.73
1.74
1.75
1.77
1.78
1.79
1.78
1.77
1.76
1.74
1.72
1.71
1.67
1.66
1.65
1.65
1.64
1.66
1.66
1.68
1.70
1.71
1.71
1.72
1.74
1.72
1.72
1.71
1.70
1.69
1.69
1.69
1.70
1.72
1.73
1.74
1.76
1.77
1.78
1.78
1.77
1.76
1.75
1.73
1.71
1.69
1.68
1.67
1.67
1.67
1.69
1.70
1.72
1.73
1.74
1.75
1.76
1.76
1.79
1.75
1.74
1.74
1.73
1.73
1.73
1.74
1.75
1.77
1.79
1.82
1.82
1.81
1.82
1.81
1.80
1.79
1.76
1.74
1.72
1.73
1.70
1.70
1.70
1.71
1.73
1.74
1.75
1.76
1.77
1.75
1.76
1.75
1.74
1.73
1.72
1.72
1.72
1.72
1.73
1.74
1.76
1.77
1.78
1.79
1.78
1.78
1.77
1.75
1.73
1.71
1.69
1.68
1.66
1.66
1.66
1.68
1.69
1.72
1.73
1.74
1.76
1.77
1.77
1.77
1.78
1.76
1.75
1.74
1.74
1.74
1.74
1.74
1.76
1.77
1.78
1.79
1.81
1.79
1.78
1.76
1.75
1.73
1.70
1.69
1.67
1.65
1.65
1.69
1.66
1.67
1.70
1.71
1.72
1.74
1.74
1.74
1.73
1.73
1.72
1.71
1.71
1.72
1.71
1.71
1.73
1.74
1.75
1.78
1.77
1.78
1.78
1.77
1.75
1.74
1.72
1.69
1.67
1.66
1.65
1.65
1.65
1.67
1.68
1.70
1.71
1.73
1.73
1.74
1.74
1.73
1.72
1.71
1.70
1.69
1.70
1.69
1.72
1.71
1.73
1.74
1.75
1.76
1.76
1.76
1.75
1.74
1.73
1.70
1.68
1.66
1.65
1.64
1.64
1.65
1.69
1.67
1.69
1.71
1.71
1.72
1.72
1.72
1.71
1.70
1.71
1.68
1.69
1.69
1.69
1.70
1.72
1.74
1.74
1.75
1.76
1.76
1.75
1.74
1.72
1.73
1.68
1.68
1.65
1.64
1.64
1.64
1.65
1.67
1.69
1.70
1.72
1.73
1.73
1.74
1.74
1.73
1.73
1.71
1.70
1.70
1.71
1.72
1.73
1.75
1.77
1.78
1.80
1.80
1.81
1.80
1.79
1.78
1.76
1.74
1.72
1.71
1.70
1.70
1.70
1.71
1.73
1.74
1.76
1.76
1.77
1.77
1.77
1.76
1.75
1.74
1.74
1.73
1.73
1.73
1.74
1.75
1.77
1.78
1.79
1.82
1.80
1.80
1.81
1.77
1.76
1.74
1.72
1.71
1.69
1.71
1.69
1.69
1.70
1.71
1.73
1.74
1.74
1.74
1.75
1.74
1.73
1.72
1.71
1.70
1.69
1.70
1.71
1.71
1.72
1.73
1.74
1.75
1.76
1.76
1.75
1.74
1.73
1.71
1.68
1.66
1.65
1.64
1.63
1.63
1.64
1.65
1.70
1.69
1.70
1.71
1.71
1.71
1.71
1.71
1.70
1.70
1.69
1.68
1.69
1.69
1.70
1.71
1.72
1.73
1.74
1.74
1.74
1.73
1.72
1.70
1.68
1.66
1.64
1.63
1.63
1.62
1.65
1.64
1.66
1.68
1.69
1.70
1.71
1.71
1.71
1.71
1.70
1.69
1.68
1.67
1.69
1.68
1.68
1.70
1.71
1.73
1.73
1.74
1.74
1.74
1.73
1.73
1.71
1.69
1.69
1.65
1.64
1.64
1.64
1.65
1.66
1.68
1.70
1.72
1.73
1.74
1.74
1.74
1.74
1.73
1.72
1.72
1.72
1.72
1.73
1.74
1.76
1.77
1.79
1.85
1.82
1.82
1.82
1.81
1.80
1.78
1.75
1.74
1.72
1.71
1.70
1.70
1.71
1.73
1.74
1.76
1.78
1.78
1.79
1.80
1.79
1.78
1.78
1.76
1.76
1.76
1.76
1.77
1.78
1.79
1.81
1.82
1.83
1.84
1.83
1.82
1.81
1.79
1.77
1.74
1.72
1.70
1.70
1.68
1.68
1.68
1.69
1.73
1.71
1.72
1.72
1.72
1.71
1.71
1.70
1.68
1.67
1.67
1.67
1.67
1.68
1.69
1.71
1.73
1.76
1.75
1.76
1.76
1.75
1.74
1.73
1.71
1.69
1.67
1.67
1.66
1.66
1.67
1.69
1.70
1.72
1.74
1.75
1.75
1.76
1.75
1.75
1.74
1.73
1.72
1.73
1.73
1.73
1.75
1.75
1.78
1.78
1.79
1.80
1.79
1.79
1.78
1.76
1.74
1.74
1.70
1.68
1.68
1.67
1.68
1.69
1.71
1.72
1.74
1.75
1.76
1.77
1.77
1.77
1.76
1.75
1.74
1.74
1.73
1.74
1.74
1.76
1.77
1.79
1.81
1.82
1.82
1.82
1.85
1.81
1.79
1.77
1.74
1.73
1.71
1.70
1.70
1.70
1.70
1.72
1.73
1.74
1.75
1.75
1.75
1.76
1.75
1.74
1.73
1.72
1.72
1.71
1.71
1.72
1.73
1.75
1.77
1.78
1.79
1.80
1.80
1.79
1.78
1.77
1.75
1.73
1.72
1.70
1.70
1.69
1.70
1.71
1.72
1.74
1.74
1.75
1.76
1.76
1.76
1.76
1.74
1.75
1.73
1.72
1.72
1.72
1.73
1.74
1.76
1.77
1.78
1.79
1.79
1.79
1.78
1.76
1.75
1.72
1.70
1.68
1.67
1.67
1.66
1.67
1.68
1.70
1.71
1.72
1.73
1.73
1.73
1.73
1.72
1.72
1.70
1.69
1.69
1.69
1.69
1.71
1.72
1.74
1.75
1.76
1.77
1.77
1.77
1.75
1.74
1.72
1.70
1.68
1.66
1.65
1.65
1.65
1.66
1.67
1.68
1.70
1.71
1.72
1.72
1.72
1.71
1.70
1.69
1.68
1.68
1.68
1.69
1.69
1.70
1.73
1.74
1.76
1.77
1.78
1.78
1.77
1.77
1.75
1.73
1.71
1.70
1.69
1.68
1.69
1.70
1.71
1.72
1.74
1.75
1.76
1.76
1.77
1.77
1.76
1.75
1.74
1.73
1.73
1.74
1.73
1.74
1.74
1.76
1.78
1.79
1.80
1.80
1.80
1.79
1.77
1.75
1.74
1.71
1.72
1.68
1.68
1.68
1.68
1.69
1.71
1.73
1.74
1.75
1.75
1.75
1.75
1.74
1.74
1.73
1.72
1.72
1.76
1.74
1.75
1.77
1.79
1.81
1.82
1.83
1.83
1.83
1.82
1.80
1.78
1.76
1.74
1.72
1.72
1.70
1.70
1.71
1.71
1.72
1.74
1.74
1.74
1.77
1.74
1.74
1.73
1.71
1.70
1.69
1.69
1.70
1.71
1.72
1.73
1.75
1.76
1.77
1.78
1.78
1.80
1.76
1.74
1.73
1.70
1.68
1.67
1.66
1.65
1.65
1.67
1.67
1.70
1.70
1.70
1.71
1.71
1.71
1.70
1.70
1.68
1.69
1.67
1.67
1.67
1.68
1.70
1.71
1.73
1.74
1.75
1.75
1.75
1.74
1.73
1.71
1.71
1.66
1.64
1.64
1.63
1.63
1.64
1.65
1.66
1.68
1.69
1.71
1.71
1.71
1.71
1.70
1.69
1.68
1.68
1.68
1.68
1.69
1.71
1.73
1.76
1.78
1.80
1.82
1.83
1.84
1.84
1.84
1.83
1.82
1.82
1.83
1.84
1.86
1.88
1.91
1.96
1.99
2.04
2.08
2.12
2.16
2.18
2.21
2.23
2.26
2.28
2.30
2.33
2.36
2.39
2.43
2.46
2.50
2.53
2.55
2.57
2.58
2.58
2.57
2.56
2.53
2.50
2.48
2.45
2.43
2.41
2.39
2.38
2.37
2.35
2.33
2.30
2.27
2.25
2.19
2.15
2.13
2.05
1.99
1.94
1.89
1.85
1.81
1.77
1.74
1.71
1.69
1.64
1.60
1.56
1.52
1.47
1.43
1.38
1.35
1.30
1.26
1.24
1.21
1.20
1.20
1.19
1.20
1.23
1.20
1.21
1.20
1.20
1.19
1.18
1.21
1.17
1.19
1.19
1.20
1.22
1.24
1.26
1.29
1.30
1.32
1.34
1.34
1.35
1.35
1.34
1.33
1.33
1.32
1.33
1.34
1.38
1.38
1.41
1.43
1.46
1.49
1.51
1.52
1.54
1.55
1.56
1.56
1.56
1.56
1.57
1.59
1.60
1.62
1.64
1.67
1.69
1.71
1.72
1.73
1.73
1.72
1.72
1.70
1.68
1.67
1.65
1.65
1.65
1.66
1.67
1.72
1.71
1.73
1.74
1.75
1.76
1.79
1.76
1.76
1.76
1.74
1.74
1.75
1.76
1.77
1.78
1.81
1.82
1.85
1.84
1.85
1.85
1.84
1.83
1.81
1.78
1.77
1.76
1.74
1.74
1.74
1.74
1.76
1.77
1.81
1.81
1.82
1.83
1.83
1.83
1.83
1.81
1.81
1.79
1.79
1.78
1.79
1.80
1.82
1.85
1.85
1.87
1.88
1.88
1.88
1.87
1.86
1.83
1.81
1.79
1.78
1.77
1.77
1.77
1.78
1.82
1.82
1.84
1.85
1.87
1.88
1.88
1.88
1.88
1.86
1.85
1.84
1.83
1.83
1.84
1.85
1.86
1.88
1.88
1.89
1.90
1.89
1.88
1.87
1.85
1.83
1.80
1.78
1.80
1.75
1.75
1.75
1.76
1.78
1.79
1.80
1.81
1.82
1.83
1.83
1.82
1.81
1.80
1.79
1.79
1.79
1.79
1.81
1.82
1.86
1.86
1.87
1.88
1.89
1.90
1.88
1.87
1.86
1.83
1.81
1.80
1.80
1.79
1.78
1.78
1.79
1.81
1.82
1.83
1.84
1.84
1.88
1.84
1.83
1.82
1.81
1.80
1.80
1.80
1.81
1.82
1.83
1.86
1.86
1.87
1.88
1.88
1.88
1.87
1.86
1.86
1.81
1.80
1.78
1.78
1.77
1.78
1.79
1.81
1.83
1.85
1.87
1.88
1.89
1.90
1.90
1.90
1.90
1.88
1.87
1.88
1.88
1.89
1.90
1.92
1.93
1.95
1.95
1.96
1.96
1.95
1.93
1.92
1.90
1.87
1.88
1.84
1.83
1.82
1.82
1.83
1.84
1.86
1.88
1.89
1.90
1.90
1.89
1.89
1.87
1.87
1.85
1.85
1.84
1.85
1.85
1.86
1.88
1.89
1.91
1.92
1.95
1.92
1.91
1.90
1.88
1.85
1.83
1.81
1.80
1.79
1.79
1.82
1.80
1.82
1.84
1.85
1.87
1.88
1.88
1.88
1.87
1.86
1.85
1.84
1.83
1.84
1.86
1.85
1.86
1.88
1.89
1.90
1.90
1.91
1.91
1.89
1.88
1.86
1.85
1.81
1.79
1.78
1.77
1.76
1.76
1.77
1.78
1.79
1.80
1.80
1.81
1.80
1.80
1.79
1.77
1.76
1.75
1.75
1.75
1.75
1.76
1.77
1.79
1.81
1.82
1.82
1.83
1.83
1.81
1.80
1.78
1.76
1.74
1.73
1.75
1.73
1.74
1.75
1.77
1.80
1.83
1.83
1.85
1.85
1.85
1.85
1.85
1.84
1.83
1.84
1.83
1.84
1.85
1.86
1.88
1.91
1.93
1.94
1.95
1.95
1.95
1.94
1.92
1.90
1.88
1.86
1.85
1.84
1.84
1.84
1.85
1.86
1.87
1.88
1.90
1.90
1.90
1.91
1.89
1.87
1.87
1.86
1.85
1.85
1.86
1.88
1.88
1.90
1.91
1.93
1.94
1.93
1.95
1.92
1.91
1.89
1.86
1.84
1.82
1.81
1.80
1.81
1.80
1.81
1.83
1.84
1.86
1.87
1.87
1.87
1.87
1.87
1.86
1.85
1.84
1.84
1.87
1.85
1.87
1.89
1.91
1.93
1.95
1.95
1.96
1.95
1.94
1.93
1.92
1.89
1.87
1.85
1.84
1.84
1.84
1.85
1.86
1.87
1.90
1.90
1.90
1.91
1.91
1.90
1.89
1.88
1.87
1.86
1.86
1.86
1.87
1.88
1.90
1.91
1.92
1.96
1.93
1.93
1.92
1.91
1.89
1.87
1.84
1.83
1.81
1.80
1.79
1.80
1.81
1.82
1.85
1.85
1.85
1.86
1.86
1.85
1.85
1.84
1.82
1.81
1.79
1.79
1.79
1.80
1.81
1.82
1.83
1.84
1.84
1.84
1.83
1.83
1.80
1.78
1.75
1.73
1.71
1.69
1.69
1.68
1.67
1.68
1.69
1.70
1.72
1.72
1.72
1.72
1.71
1.70
1.68
1.67
1.65
1.67
1.64
1.64
1.64
1.65
1.66
1.67
1.68
1.67
1.68
1.66
1.64
1.62
1.60
1.58
1.55
1.54
1.54
1.52
1.51
1.52
1.52
1.54
1.55
1.56
1.56
1.56
1.56
1.56
1.55
1.53
1.52
1.51
1.51
1.51
1.52
1.52
1.53
1.54
1.56
1.57
1.57
1.57
1.56
1.55
1.56
1.52
1.50
1.48
1.46
1.45
1.45
1.44
1.44
1.45
1.46
1.47
1.47
1.48
1.52
1.48
1.47
1.47
1.45
1.44
1.44
1.44
1.44
1.45
1.46
1.48
1.49
1.50
1.52
1.51
1.51
1.51
1.48
1.47
1.46
1.43
1.42
1.41
1.41
1.42
1.42
1.42
1.44
1.46
1.47
1.48
1.48
1.49
1.48
1.48
1.47
1.46
1.44
1.45
1.45
1.47
1.48
1.48
1.51
1.53
1.54
1.54
1.54
1.54
1.53
1.52
1.51
1.49
1.47
1.46
1.46
1.46
1.46
1.48
1.50
1.52
1.54
1.56
1.57
1.58
1.59
1.59
1.59
1.58
1.58
1.57
1.57
1.58
1.58
1.60
1.62
1.63
1.65
1.66
1.67
1.67
1.66
1.65
1.64
1.64
1.60
1.58
1.57
1.56
1.56
1.56
1.57
1.59
1.61
1.62
1.63
1.63
1.64
1.64
1.63
1.62
1.61
1.60
1.60
1.60
1.63
1.61
1.62
1.64
1.65
1.67
1.68
1.68
1.68
1.67
1.66
1.68
1.62
1.60
1.58
1.57
1.57
1.56
1.57
1.58
1.60
1.65
1.63
1.65
1.66
1.66
1.66
1.65
1.64
1.63
1.63
1.63
1.63
1.64
1.65
1.67
1.69
1.71
1.72
1.72
1.73
1.72
1.73
1.70
1.68
1.66
1.64
1.62
1.61
1.61
1.64
1.62
1.64
1.65
1.67
1.68
1.69
1.70
1.70
1.69
1.69
1.68
1.66
1.66
1.65
1.65
1.66
1.67
1.68
1.69
1.70
1.70
1.70
1.70
1.70
1.67
1.67
1.63
1.61
1.59
1.57
1.57
1.56
1.56
1.57
1.59
1.61
1.62
1.64
1.65
1.66
1.66
1.67
1.65
1.65
1.64
1.64
1.64
1.66
1.67
1.68
1.70
1.73
1.74
1.75
1.76
1.76
1.75
1.74
1.73
1.71
1.69
1.67
1.66
1.66
1.66
1.67
1.68
1.70
1.72
1.74
1.74
1.75
1.75
1.75
1.74
1.73
1.72
1.71
1.71
1.72
1.72
1.73
1.74
1.76
1.77
1.78
1.78
1.80
1.78
1.77
1.75
1.74
1.71
1.69
1.68
1.67
1.66
1.66
1.67
1.68
1.70
1.71
1.75
1.73
1.74
1.74
1.73
1.73
1.71
1.70
1.69
1.70
1.69
1.69
1.70
1.72
1.73
1.74
1.75
1.75
1.75
1.74
1.73
1.71
1.70
1.67
1.65
1.63
1.62
1.62
1.62
1.63
1.63
1.64
1.65
1.66
1.66
1.67
1.66
1.66
1.65
1.63
1.63
1.61
1.61
1.62
1.62
1.65
1.65
1.67
1.69
1.69
1.70
1.70
1.69
1.68
1.67
1.65
1.63
1.62
1.61
1.61
1.61
1.61
1.63
1.65
1.67
1.68
1.69
1.70
1.71
1.71
1.70
1.69
1.68
1.68
1.67
1.67
1.68
1.69
1.71
1.73
1.74
1.75
1.76
1.77
1.77
1.76
1.75
1.74
1.71
1.69
1.68
1.67
1.67
1.67
1.68
1.69
1.71
1.72
1.73
1.74
1.74
1.74
1.74
1.73
1.72
1.70
1.69
1.69
1.70
1.69
1.70
1.71
1.73
1.74
1.74
1.78
1.75
1.74
1.73
1.72
1.70
1.68
1.65
1.64
1.63
1.63
1.64
1.64
1.65
1.67
1.68
1.70
1.70
1.71
1.71
1.71
1.70
1.69
1.68
1.68
1.68
1.68
1.71
1.70
1.71
1.73
1.74
1.75
1.76
1.75
1.75
1.74
1.73
1.71
1.69
1.67
1.68
1.66
1.67
1.68
1.70
1.72
1.74
1.76
1.77
1.78
1.79
1.79
1.80
1.78
1.77
1.77
1.76
1.77
1.77
1.78
1.79
1.80
1.82
1.83
1.83
1.83
1.82
1.81
1.79
1.79
1.75
1.73
1.71
1.70
1.69
1.69
1.70
1.75
1.73
1.74
1.76
1.77
1.78
1.78
1.78
1.77
1.76
1.75
1.75
1.74
1.74
1.74
1.75
1.77
1.78
1.80
1.80
1.81
1.80
1.79
1.78
1.76
1.74
1.72
1.70
1.68
1.67
1.67
1.67
1.68
1.68
1.71
1.74
1.74
1.75
1.76
1.76
1.76
1.76
1.75
1.74
1.74
1.74
1.74
1.74
1.75
1.77
1.78
1.80
1.80
1.81
1.80
1.79
1.79
1.76
1.74
1.72
1.70
1.69
1.68
1.67
1.68
1.69
1.70
1.71
1.73
1.74
1.74
1.74
1.74
1.74
1.73
1.73
1.71
1.70
1.71
1.70
1.71
1.72
1.75
1.76
1.76
1.77
1.78
1.78
1.78
1.76
1.74
1.72
1.70
1.69
1.67
1.69
1.66
1.67
1.68
1.69
1.70
1.71
1.71
1.72
1.73
1.72
1.72
1.70
1.69
1.69
1.69
1.69
1.70
1.72
1.74
1.77
1.79
1.80
1.82
1.83
1.83
1.83
1.80
1.80
1.78
1.76
1.74
1.74
1.73
1.73
1.74
1.75
1.76
1.78
1.79
1.80
1.80
1.80
1.80
1.79
1.78
1.77
1.76
1.76
1.77
1.78
1.79
1.81
1.83
1.84
1.86
1.86
1.86
1.85
1.84
1.82
1.80
1.78
1.76
1.74
1.73
1.73
1.73
1.76
1.74
1.76
1.76
1.77
1.78
1.78
1.78
1.77
1.77
1.74
1.74
1.73
1.72
1.72
1.73
1.74
1.75
1.76
1.76
1.78
1.78
1.78
1.76
1.75
1.74
1.72
1.69
1.68
1.68
1.67
1.67
1.68
1.70
1.74
1.74
1.77
1.77
1.79
1.80
1.80
1.80
1.79
1.81
1.78
1.77
1.77
1.77
1.78
1.79
1.81
1.83
1.84
1.84
1.84
1.84
1.83
1.81
1.79
1.77
1.75
1.74
1.74
1.73
1.73
1.74
1.75
1.77
1.79
1.81
1.82
1.83
1.83
1.83
1.83
1.82
1.82
1.81
1.82
1.83
1.84
1.85
1.88
1.90
1.92
1.94
1.95
1.96
1.96

